1.000000 -0.000000 0.000000 0.057000 0.087000 0.005000 0.122000
0.000000 -1.000000 0.000000 0.057000 0.087000 0.005000 0.122000
0.000000 -0.000000 1.000000 0.057000 0.087000 0.005000 0.122000
-0.703000 0.508000 0.498000 0.057000 0.087000 0.005000 0.122000
0.814000 0.578000 -0.062000 0.057000 0.087000 0.005000 0.122000
0.826000 -0.104000 0.554000 0.057000 0.087000 0.005000 0.122000
0.555000 -0.740000 0.379000 0.057000 0.087000 0.005000 0.122000
0.036000 0.056000 0.998000 0.057000 0.087000 0.005000 0.122000
-0.937000 -0.044000 0.346000 0.057000 0.087000 0.005000 0.122000
-0.200000 0.865000 0.460000 0.057000 0.087000 0.005000 0.122000
-0.357000 -0.858000 0.371000 0.057000 0.087000 0.005000 0.122000
0.711000 0.521000 0.472000 0.057000 0.087000 0.005000 0.122000
-0.557000 0.008000 0.831000 0.057000 0.087000 0.005000 0.122000
-0.921000 0.388000 0.012000 0.057000 0.087000 0.005000 0.122000
0.336000 -0.380000 0.862000 0.057000 0.087000 0.005000 0.122000
-0.379000 -0.892000 -0.246000 0.057000 0.087000 0.005000 0.122000
-0.274000 0.475000 0.836000 0.057000 0.087000 0.005000 0.122000
-0.673000 -0.462000 0.577000 0.057000 0.087000 0.005000 0.122000
0.616000 0.083000 0.784000 0.057000 0.087000 0.005000 0.122000
0.580000 -0.814000 0.024000 0.057000 0.087000 0.005000 0.122000
0.960000 0.078000 0.270000 0.057000 0.087000 0.005000 0.122000
0.236000 -0.809000 0.538000 0.057000 0.087000 0.005000 0.122000
-0.784000 0.168000 0.598000 0.057000 0.087000 0.005000 0.122000
0.156000 0.836000 0.526000 0.057000 0.087000 0.005000 0.122000
0.739000 -0.452000 0.499000 0.057000 0.087000 0.005000 0.122000
0.553000 0.831000 -0.067000 0.057000 0.087000 0.005000 0.122000
-0.256000 -0.154000 0.954000 0.057000 0.087000 0.005000 0.122000
0.324000 0.258000 0.910000 0.057000 0.087000 0.005000 0.122000
-0.313000 0.938000 0.147000 0.057000 0.087000 0.005000 0.122000
-0.997000 0.075000 0.032000 0.057000 0.087000 0.005000 0.122000
-0.416000 -0.651000 0.635000 0.057000 0.087000 0.005000 0.122000
-0.423000 0.662000 0.618000 0.057000 0.087000 0.005000 0.122000
0.885000 0.407000 0.224000 0.057000 0.087000 0.005000 0.122000
0.118000 -0.607000 0.786000 0.057000 0.087000 0.005000 0.122000
-0.766000 0.616000 0.181000 0.057000 0.087000 0.005000 0.122000
-0.865000 -0.376000 0.332000 0.057000 0.087000 0.005000 0.122000
-0.025000 -0.934000 0.357000 0.057000 0.087000 0.005000 0.122000
0.025000 0.388000 0.921000 0.057000 0.087000 0.005000 0.122000
0.612000 -0.256000 0.748000 0.057000 0.087000 0.005000 0.122000
0.459000 0.716000 0.527000 0.057000 0.087000 0.005000 0.122000
-0.491000 -0.326000 0.808000 0.057000 0.087000 0.005000 0.122000
-0.780000 0.595000 -0.193000 0.057000 0.087000 0.005000 0.122000
0.256000 0.965000 -0.063000 0.057000 0.087000 0.005000 0.122000
-0.557000 0.340000 0.757000 0.057000 0.087000 0.005000 0.122000
0.811000 0.222000 0.541000 0.057000 0.087000 0.005000 0.122000
0.043000 -0.283000 0.958000 0.057000 0.087000 0.005000 0.122000
-0.967000 -0.250000 0.049000 0.057000 0.087000 0.005000 0.122000
-0.327000 0.917000 -0.227000 0.057000 0.087000 0.005000 0.122000
-0.063000 0.691000 0.720000 0.057000 0.087000 0.005000 0.122000
-0.647000 -0.682000 0.341000 0.057000 0.087000 0.005000 0.122000
-0.900000 0.294000 0.321000 0.057000 0.087000 0.005000 0.122000
0.547000 0.412000 0.728000 0.057000 0.087000 0.005000 0.122000
0.470000 -0.591000 0.656000 0.057000 0.087000 0.005000 0.122000
0.047000 0.968000 0.248000 0.057000 0.087000 0.005000 0.122000
-0.280000 0.171000 0.945000 0.057000 0.087000 0.005000 0.122000
0.922000 -0.260000 0.285000 0.057000 0.087000 0.005000 0.122000
-0.114000 -0.772000 0.626000 0.057000 0.087000 0.005000 0.122000
-0.769000 -0.157000 0.620000 0.057000 0.087000 0.005000 0.122000
0.667000 0.713000 0.215000 0.057000 0.087000 0.005000 0.122000
0.349000 -0.066000 0.935000 0.057000 0.087000 0.005000 0.122000
-0.529000 0.780000 0.333000 0.057000 0.087000 0.005000 0.122000
0.000000 -0.000000 0.000000 0.000000 0.087000 0.005000 0.122000
1.000000 -0.000000 0.000000 0.060000 0.020000 0.013000 0.122000
0.000000 -1.000000 0.000000 0.060000 0.020000 0.013000 0.122000
0.000000 -0.000000 1.000000 0.060000 0.020000 0.013000 0.122000
-0.703000 0.508000 0.498000 0.060000 0.020000 0.013000 0.122000
0.814000 0.578000 -0.062000 0.060000 0.020000 0.013000 0.122000
0.826000 -0.104000 0.554000 0.060000 0.020000 0.013000 0.122000
0.555000 -0.740000 0.379000 0.060000 0.020000 0.013000 0.122000
0.036000 0.056000 0.998000 0.060000 0.020000 0.013000 0.122000
-0.937000 -0.044000 0.346000 0.060000 0.020000 0.013000 0.122000
-0.200000 0.865000 0.460000 0.060000 0.020000 0.013000 0.122000
-0.357000 -0.858000 0.371000 0.060000 0.020000 0.013000 0.122000
0.711000 0.521000 0.472000 0.060000 0.020000 0.013000 0.122000
-0.557000 0.008000 0.831000 0.060000 0.020000 0.013000 0.122000
-0.921000 0.388000 0.012000 0.060000 0.020000 0.013000 0.122000
0.336000 -0.380000 0.862000 0.060000 0.020000 0.013000 0.122000
-0.379000 -0.892000 -0.246000 0.060000 0.020000 0.013000 0.122000
-0.274000 0.475000 0.836000 0.060000 0.020000 0.013000 0.122000
-0.673000 -0.462000 0.577000 0.060000 0.020000 0.013000 0.122000
0.616000 0.083000 0.784000 0.060000 0.020000 0.013000 0.122000
0.580000 -0.814000 0.024000 0.060000 0.020000 0.013000 0.122000
0.960000 0.078000 0.270000 0.060000 0.020000 0.013000 0.122000
0.236000 -0.809000 0.538000 0.060000 0.020000 0.013000 0.122000
-0.784000 0.168000 0.598000 0.060000 0.020000 0.013000 0.122000
0.156000 0.836000 0.526000 0.060000 0.020000 0.013000 0.122000
0.739000 -0.452000 0.499000 0.060000 0.020000 0.013000 0.122000
0.553000 0.831000 -0.067000 0.060000 0.020000 0.013000 0.122000
-0.256000 -0.154000 0.954000 0.060000 0.020000 0.013000 0.122000
0.324000 0.258000 0.910000 0.060000 0.020000 0.013000 0.122000
-0.313000 0.938000 0.147000 0.060000 0.020000 0.013000 0.122000
-0.997000 0.075000 0.032000 0.060000 0.020000 0.013000 0.122000
-0.416000 -0.651000 0.635000 0.060000 0.020000 0.013000 0.122000
-0.423000 0.662000 0.618000 0.060000 0.020000 0.013000 0.122000
0.885000 0.407000 0.224000 0.060000 0.020000 0.013000 0.122000
0.118000 -0.607000 0.786000 0.060000 0.020000 0.013000 0.122000
-0.766000 0.616000 0.181000 0.060000 0.020000 0.013000 0.122000
-0.865000 -0.376000 0.332000 0.060000 0.020000 0.013000 0.122000
-0.025000 -0.934000 0.357000 0.060000 0.020000 0.013000 0.122000
0.025000 0.388000 0.921000 0.060000 0.020000 0.013000 0.122000
0.612000 -0.256000 0.748000 0.060000 0.020000 0.013000 0.122000
0.459000 0.716000 0.527000 0.060000 0.020000 0.013000 0.122000
-0.491000 -0.326000 0.808000 0.060000 0.020000 0.013000 0.122000
-0.780000 0.595000 -0.193000 0.060000 0.020000 0.013000 0.122000
0.256000 0.965000 -0.063000 0.060000 0.020000 0.013000 0.122000
-0.557000 0.340000 0.757000 0.060000 0.020000 0.013000 0.122000
0.811000 0.222000 0.541000 0.060000 0.020000 0.013000 0.122000
0.043000 -0.283000 0.958000 0.060000 0.020000 0.013000 0.122000
-0.967000 -0.250000 0.049000 0.060000 0.020000 0.013000 0.122000
-0.327000 0.917000 -0.227000 0.060000 0.020000 0.013000 0.122000
-0.063000 0.691000 0.720000 0.060000 0.020000 0.013000 0.122000
-0.647000 -0.682000 0.341000 0.060000 0.020000 0.013000 0.122000
-0.900000 0.294000 0.321000 0.060000 0.020000 0.013000 0.122000
0.547000 0.412000 0.728000 0.060000 0.020000 0.013000 0.122000
0.470000 -0.591000 0.656000 0.060000 0.020000 0.013000 0.122000
0.047000 0.968000 0.248000 0.060000 0.020000 0.013000 0.122000
-0.280000 0.171000 0.945000 0.060000 0.020000 0.013000 0.122000
0.922000 -0.260000 0.285000 0.060000 0.020000 0.013000 0.122000
-0.114000 -0.772000 0.626000 0.060000 0.020000 0.013000 0.122000
-0.769000 -0.157000 0.620000 0.060000 0.020000 0.013000 0.122000
0.667000 0.713000 0.215000 0.060000 0.020000 0.013000 0.122000
0.349000 -0.066000 0.935000 0.060000 0.020000 0.013000 0.122000
-0.529000 0.780000 0.333000 0.060000 0.020000 0.013000 0.122000
0.000000 -0.000000 0.000000 0.000000 0.020000 0.013000 0.122000
1.000000 -0.000000 0.000000 0.046000 0.077000 0.015000 0.122000
0.000000 -1.000000 0.000000 0.046000 0.077000 0.015000 0.122000
0.000000 -0.000000 1.000000 0.046000 0.077000 0.015000 0.122000
-0.703000 0.508000 0.498000 0.046000 0.077000 0.015000 0.122000
0.814000 0.578000 -0.062000 0.046000 0.077000 0.015000 0.122000
0.826000 -0.104000 0.554000 0.046000 0.077000 0.015000 0.122000
0.555000 -0.740000 0.379000 0.046000 0.077000 0.015000 0.122000
0.036000 0.056000 0.998000 0.046000 0.077000 0.015000 0.122000
-0.937000 -0.044000 0.346000 0.046000 0.077000 0.015000 0.122000
-0.200000 0.865000 0.460000 0.046000 0.077000 0.015000 0.122000
-0.357000 -0.858000 0.371000 0.046000 0.077000 0.015000 0.122000
0.711000 0.521000 0.472000 0.046000 0.077000 0.015000 0.122000
-0.557000 0.008000 0.831000 0.046000 0.077000 0.015000 0.122000
-0.921000 0.388000 0.012000 0.046000 0.077000 0.015000 0.122000
0.336000 -0.380000 0.862000 0.046000 0.077000 0.015000 0.122000
-0.379000 -0.892000 -0.246000 0.046000 0.077000 0.015000 0.122000
-0.274000 0.475000 0.836000 0.046000 0.077000 0.015000 0.122000
-0.673000 -0.462000 0.577000 0.046000 0.077000 0.015000 0.122000
0.616000 0.083000 0.784000 0.046000 0.077000 0.015000 0.122000
0.580000 -0.814000 0.024000 0.046000 0.077000 0.015000 0.122000
0.960000 0.078000 0.270000 0.046000 0.077000 0.015000 0.122000
0.236000 -0.809000 0.538000 0.046000 0.077000 0.015000 0.122000
-0.784000 0.168000 0.598000 0.046000 0.077000 0.015000 0.122000
0.156000 0.836000 0.526000 0.046000 0.077000 0.015000 0.122000
0.739000 -0.452000 0.499000 0.046000 0.077000 0.015000 0.122000
0.553000 0.831000 -0.067000 0.046000 0.077000 0.015000 0.122000
-0.256000 -0.154000 0.954000 0.046000 0.077000 0.015000 0.122000
0.324000 0.258000 0.910000 0.046000 0.077000 0.015000 0.122000
-0.313000 0.938000 0.147000 0.046000 0.077000 0.015000 0.122000
-0.997000 0.075000 0.032000 0.046000 0.077000 0.015000 0.122000
-0.416000 -0.651000 0.635000 0.046000 0.077000 0.015000 0.122000
-0.423000 0.662000 0.618000 0.046000 0.077000 0.015000 0.122000
0.885000 0.407000 0.224000 0.046000 0.077000 0.015000 0.122000
0.118000 -0.607000 0.786000 0.046000 0.077000 0.015000 0.122000
-0.766000 0.616000 0.181000 0.046000 0.077000 0.015000 0.122000
-0.865000 -0.376000 0.332000 0.046000 0.077000 0.015000 0.122000
-0.025000 -0.934000 0.357000 0.046000 0.077000 0.015000 0.122000
0.025000 0.388000 0.921000 0.046000 0.077000 0.015000 0.122000
0.612000 -0.256000 0.748000 0.046000 0.077000 0.015000 0.122000
0.459000 0.716000 0.527000 0.046000 0.077000 0.015000 0.122000
-0.491000 -0.326000 0.808000 0.046000 0.077000 0.015000 0.122000
-0.780000 0.595000 -0.193000 0.046000 0.077000 0.015000 0.122000
0.256000 0.965000 -0.063000 0.046000 0.077000 0.015000 0.122000
-0.557000 0.340000 0.757000 0.046000 0.077000 0.015000 0.122000
0.811000 0.222000 0.541000 0.046000 0.077000 0.015000 0.122000
0.043000 -0.283000 0.958000 0.046000 0.077000 0.015000 0.122000
-0.967000 -0.250000 0.049000 0.046000 0.077000 0.015000 0.122000
-0.327000 0.917000 -0.227000 0.046000 0.077000 0.015000 0.122000
-0.063000 0.691000 0.720000 0.046000 0.077000 0.015000 0.122000
-0.647000 -0.682000 0.341000 0.046000 0.077000 0.015000 0.122000
-0.900000 0.294000 0.321000 0.046000 0.077000 0.015000 0.122000
0.547000 0.412000 0.728000 0.046000 0.077000 0.015000 0.122000
0.470000 -0.591000 0.656000 0.046000 0.077000 0.015000 0.122000
0.047000 0.968000 0.248000 0.046000 0.077000 0.015000 0.122000
-0.280000 0.171000 0.945000 0.046000 0.077000 0.015000 0.122000
0.922000 -0.260000 0.285000 0.046000 0.077000 0.015000 0.122000
-0.114000 -0.772000 0.626000 0.046000 0.077000 0.015000 0.122000
-0.769000 -0.157000 0.620000 0.046000 0.077000 0.015000 0.122000
0.667000 0.713000 0.215000 0.046000 0.077000 0.015000 0.122000
0.349000 -0.066000 0.935000 0.046000 0.077000 0.015000 0.122000
-0.529000 0.780000 0.333000 0.046000 0.077000 0.015000 0.122000
0.000000 -0.000000 0.000000 0.000000 0.077000 0.015000 0.122000
1.000000 -0.000000 0.000000 0.058000 0.080000 0.012000 0.122000
0.000000 -1.000000 0.000000 0.058000 0.080000 0.012000 0.122000
0.000000 -0.000000 1.000000 0.058000 0.080000 0.012000 0.122000
-0.703000 0.508000 0.498000 0.058000 0.080000 0.012000 0.122000
0.814000 0.578000 -0.062000 0.058000 0.080000 0.012000 0.122000
0.826000 -0.104000 0.554000 0.058000 0.080000 0.012000 0.122000
0.555000 -0.740000 0.379000 0.058000 0.080000 0.012000 0.122000
0.036000 0.056000 0.998000 0.058000 0.080000 0.012000 0.122000
-0.937000 -0.044000 0.346000 0.058000 0.080000 0.012000 0.122000
-0.200000 0.865000 0.460000 0.058000 0.080000 0.012000 0.122000
-0.357000 -0.858000 0.371000 0.058000 0.080000 0.012000 0.122000
0.711000 0.521000 0.472000 0.058000 0.080000 0.012000 0.122000
-0.557000 0.008000 0.831000 0.058000 0.080000 0.012000 0.122000
-0.921000 0.388000 0.012000 0.058000 0.080000 0.012000 0.122000
0.336000 -0.380000 0.862000 0.058000 0.080000 0.012000 0.122000
-0.379000 -0.892000 -0.246000 0.058000 0.080000 0.012000 0.122000
-0.274000 0.475000 0.836000 0.058000 0.080000 0.012000 0.122000
-0.673000 -0.462000 0.577000 0.058000 0.080000 0.012000 0.122000
0.616000 0.083000 0.784000 0.058000 0.080000 0.012000 0.122000
0.580000 -0.814000 0.024000 0.058000 0.080000 0.012000 0.122000
0.960000 0.078000 0.270000 0.058000 0.080000 0.012000 0.122000
0.236000 -0.809000 0.538000 0.058000 0.080000 0.012000 0.122000
-0.784000 0.168000 0.598000 0.058000 0.080000 0.012000 0.122000
0.156000 0.836000 0.526000 0.058000 0.080000 0.012000 0.122000
0.739000 -0.452000 0.499000 0.058000 0.080000 0.012000 0.122000
0.553000 0.831000 -0.067000 0.058000 0.080000 0.012000 0.122000
-0.256000 -0.154000 0.954000 0.058000 0.080000 0.012000 0.122000
0.324000 0.258000 0.910000 0.058000 0.080000 0.012000 0.122000
-0.313000 0.938000 0.147000 0.058000 0.080000 0.012000 0.122000
-0.997000 0.075000 0.032000 0.058000 0.080000 0.012000 0.122000
-0.416000 -0.651000 0.635000 0.058000 0.080000 0.012000 0.122000
-0.423000 0.662000 0.618000 0.058000 0.080000 0.012000 0.122000
0.885000 0.407000 0.224000 0.058000 0.080000 0.012000 0.122000
0.118000 -0.607000 0.786000 0.058000 0.080000 0.012000 0.122000
-0.766000 0.616000 0.181000 0.058000 0.080000 0.012000 0.122000
-0.865000 -0.376000 0.332000 0.058000 0.080000 0.012000 0.122000
-0.025000 -0.934000 0.357000 0.058000 0.080000 0.012000 0.122000
0.025000 0.388000 0.921000 0.058000 0.080000 0.012000 0.122000
0.612000 -0.256000 0.748000 0.058000 0.080000 0.012000 0.122000
0.459000 0.716000 0.527000 0.058000 0.080000 0.012000 0.122000
-0.491000 -0.326000 0.808000 0.058000 0.080000 0.012000 0.122000
-0.780000 0.595000 -0.193000 0.058000 0.080000 0.012000 0.122000
0.256000 0.965000 -0.063000 0.058000 0.080000 0.012000 0.122000
-0.557000 0.340000 0.757000 0.058000 0.080000 0.012000 0.122000
0.811000 0.222000 0.541000 0.058000 0.080000 0.012000 0.122000
0.043000 -0.283000 0.958000 0.058000 0.080000 0.012000 0.122000
-0.967000 -0.250000 0.049000 0.058000 0.080000 0.012000 0.122000
-0.327000 0.917000 -0.227000 0.058000 0.080000 0.012000 0.122000
-0.063000 0.691000 0.720000 0.058000 0.080000 0.012000 0.122000
-0.647000 -0.682000 0.341000 0.058000 0.080000 0.012000 0.122000
-0.900000 0.294000 0.321000 0.058000 0.080000 0.012000 0.122000
0.547000 0.412000 0.728000 0.058000 0.080000 0.012000 0.122000
0.470000 -0.591000 0.656000 0.058000 0.080000 0.012000 0.122000
0.047000 0.968000 0.248000 0.058000 0.080000 0.012000 0.122000
-0.280000 0.171000 0.945000 0.058000 0.080000 0.012000 0.122000
0.922000 -0.260000 0.285000 0.058000 0.080000 0.012000 0.122000
-0.114000 -0.772000 0.626000 0.058000 0.080000 0.012000 0.122000
-0.769000 -0.157000 0.620000 0.058000 0.080000 0.012000 0.122000
0.667000 0.713000 0.215000 0.058000 0.080000 0.012000 0.122000
0.349000 -0.066000 0.935000 0.058000 0.080000 0.012000 0.122000
-0.529000 0.780000 0.333000 0.058000 0.080000 0.012000 0.122000
0.000000 -0.000000 0.000000 0.000000 0.080000 0.012000 0.122000
